   0    0
   1    0
   2    0
   3    0
   4    0
   5    0
   7    0
   9    0
  10    0
  11    0
  13    0
  17    0
  20    0
  24    0
  29    0
  34    0
  38    0
  41    0
  44    0
  51    0
  59    0
   0    1
   1    1
   2    1
   3    1
   6    1
   8    1
   9    1
  10    1
  13    1
  16    1
  21    1
  26    1
  31    1
  36    1
  43    1
  56    1
   0    2
   1    2
   3    2
   4    2
   5    2
   6    2
   7    2
  10    2
  12    2
  15    2
  16    2
  19    2
  23    2
  26    2
  30    2
  33    2
  36    2
  43    2
  51    2
  58    2
   0    3
   1    3
   3    3
   4    3
   5    3
   8    3
  10    3
  14    3
  19    3
  24    3
  29    3
  36    3
  41    3
  48    3
  54    3
  63    3
   0    4
   2    4
   4    4
   5    4
   8    4
  10    4
  12    4
  14    4
  16    4
  22    4
  25    4
  27    4
  30    4
  39    4
  45    4
  56    4
   3    5
   4    5
   5    5
   8    5
  11    5
  12    5
  15    5
  19    5
  23    5
  27    5
  32    5
  38    5
  45    5
  51    5
  57    5
   0    6
   1    6
   4    6
   7    6
  10    6
  12    6
  14    6
  18    6
  23    6
  27    6
  30    6
  36    6
  48    6
  53    6
  60    6
   1    7
   2    7
   4    7
   5    7
   7    7
  11    7
  15    7
  19    7
  22    7
  28    7
  32    7
  38    7
  45    7
  53    7
   0    8
   5    8
   6    8
   9    8
  11    8
  15    8
  18    8
  21    8
  26    8
  33    8
  39    8
  45    8
  53    8
  63    8
   2    9
  10    9
  15    9
  21    9
  25    9
  33    9
  36    9
  41    9
  52    9
  61    9
   0   10
   2   10
  10   10
  13   10
  16   10
  18   10
  21   10
  27   10
  31   10
  40   10
  49   10
  61   10
   0   11
   5   11
   8   11
  11   11
  17   11
  23   11
  24   11
  28   11
  36   11
  44   11
  53   11
  61   11
   1   12
   2   12
   4   12
   7   12
  12   12
  15   12
  19   12
  23   12
  30   12
  36   12
  44   12
  53   12
  61   12
   6   13
   9   13
  12   13
  19   13
  21   13
  27   13
  36   13
  46   13
  54   13
   3   14
  11   14
  16   14
  23   14
  27   14
  37   14
  46   14
  54   14
   1   15
   8   15
  10   15
  13   15
  17   15
  22   15
  28   15
  33   15
  38   15
  46   15
  61   15
   2   16
  20   16
  27   16
  37   16
  45   16
  53   16
   0   17
   4   17
   8   17
  16   17
  20   17
  24   17
  32   17
  34   17
  39   17
  46   17
  52   17
   1   18
   4   18
   6   18
  10   18
  12   18
  16   18
  22   18
  27   18
  34   18
  44   18
  54   18
   1   19
   2   19
   3   19
   4   19
  14   19
  15   19
  20   19
  26   19
  31   19
  38   19
  51   19
   5   20
  13   20
  19   20
  25   20
  32   20
  41   20
  55   20
   1   21
  10   21
  21   21
  27   21
  31   21
  39   21
  47   21
  56   21
   0   22
   4   22
   5   22
   6   22
  11   22
  17   22
  23   22
  29   22
  35   22
  43   22
  50   22
  58   22
   3   23
  24   23
  28   23
  40   23
  48   23
  59   23
   4   24
   7   24
  14   24
  23   24
  32   24
  35   24
  52   24
  58   24
   1   25
   7   25
   8   25
  12   25
  18   25
  29   25
  35   25
  47   25
  63   25
   0   26
   4   26
  14   26
  15   26
  20   26
  31   26
  36   26
  46   26
  53   26
   5   27
   6   27
  25   27
  32   27
  44   27
  51   27
  60   27
   2   28
   3   28
   8   28
  10   28
  17   28
  22   28
  27   28
  37   28
  43   28
  54   28
   2   29
  12   29
  16   29
  22   29
  29   29
  35   29
  44   29
  53   29
  63   29
   0   30
  29   30
  37   30
  43   30
  53   30
  60   30
   8   31
  10   31
  23   31
  31   31
  36   31
  43   31
  60   31
   3   32
   4   32
   7   32
  10   32
  14   32
  24   32
  36   32
  45   32
  49   32
  59   32
   1   33
   6   33
   8   33
   9   33
  20   33
  24   33
  31   33
  43   33
  55   33
   2   34
  12   34
  22   34
  23   34
  27   34
  38   34
  53   34
   4   35
   8   35
  13   35
  19   35
  29   35
  40   35
  46   35
   0   36
   5   36
  11   36
  19   36
  23   36
  26   36
  31   36
  41   36
  51   36
   8   37
  18   37
  26   37
  38   37
  47   37
  58   37
  12   38
  17   38
  21   38
  38   38
  52   38
   1   39
  10   39
  12   39
  13   39
  19   39
  30   39
  35   39
  46   39
  54   39
   6   40
   8   40
  11   40
  16   40
  20   40
  34   40
  46   40
  57   40
   2   41
  10   41
  13   41
  22   41
  35   41
  49   41
  61   41
   3   42
   4   42
  26   42
  33   42
  45   42
  55   42
   0   43
   7   43
   9   43
  25   43
  48   43
  57   43
  21   44
  28   44
  31   44
  38   44
  55   44
   1   45
   8   45
  30   45
  41   45
  50   45
  62   45
  11   46
  15   46
  17   46
  27   46
  39   46
  52   46
  63   46
   2   47
   5   47
   7   47
  15   47
  22   47
  39   47
  44   47
  52   47
  63   47
   9   48
  35   48
  48   48
   3   49
  13   49
  21   49
  31   49
  38   49
  45   49
  58   49
   8   50
  11   50
  16   50
  39   50
  48   50
   0   51
  11   51
  19   51
  26   51
  44   51
   2   52
   5   52
  45   52
  58   52
   7   53
  36   53
  42   53
  53   53
   1   54
   4   54
   6   54
  10   54
  20   54
  32   54
  49   54
  62   54
  12   55
  18   55
  31   55
  37   55
  50   55
  62   55
   9   56
  13   56
  39   56
  47   56
  58   56
   3   57
  24   57
  34   57
  41   57
  51   57
   0   58
   8   58
  15   58
  22   58
  24   58
  40   58
  46   58
   2   59
   4   59
  16   59
  30   59
  41   59
  55   59
  33   60
  43   60
  59   60
   1   61
  20   61
  49   61
  60   61
   5   62
  11   62
  19   62
  21   62
  36   62
  37   62
  45   62
  58   62
  11   63
  21   63
  27   63
  41   63
  54   63
   3   64
   7   64
  12   64
  13   64
  14   64
  38   64
  49   64
  58   64
   6   65
   8   65
  18   65
  50   65
   4   66
   9   66
  34   66
  38   66
  54   66
  15   68
  17   68
  53   68
   1   69
   2   69
  28   69
   0   70
  16   70
  20   70
  33   70
  40   70
  59   70
  21   71
  26   71
  29   71
  47   71
  63   71
  10   72
  47   72
  60   72
  62   72
  39   73
  61   73
  12   74
  59   74
   4   75
   5   75
  18   75
  24   75
  37   75
  53   75
  57   75
   1   76
   2   76
  13   76
  19   76
  20   76
  23   76
  41   76
  15   77
  26   77
  50   77
   8   78
   9   78
  11   78
  34   78
  53   78
   7   79
  10   79
  14   79
  25   79
  39   79
  49   79
  39   80
  53   80
   5   81
  15   81
  28   81
  37   81
  46   81
  58   81
  62   81
   6   82
  22   82
  28   82
  33   82
  56   82
  25   83
  41   83
  44   83
  48   83
  55   83
   3   84
  13   84
  29   84
  42   84
   2   85
   9   85
  11   85
  15   85
  16   85
  19   85
  30   85
  59   85
  60   85
  20   86
  38   86
  63   86
   1   87
   4   87
   5   87
  18   87
  21   87
  23   87
  57   88
   7   89
  12   89
  24   89
  39   89
  54   89
  39   90
  41   90
  62   90
  10   91
  39   91
  46   91
  49   91
  55   91
  24   92
  44   92
  25   93
  31   93
  62   93
   3   94
   6   94
  11   94
  17   94
  44   94
  11   95
  30   95
  42   95
  62   95
   2   96
   8   96
  38   96
  56   96
  19   97
  42   97
  51   97
  61   97
   1   98
   5   98
   7   98
   9   98
  14   98
  15   98
  56   98
  22   99
  50   99
  58   99
  63   99
   4  100
  20  100
  29  100
  16  101
  18  101
  21  101
  23  101
  42  101
  60  101
   2  102
  13  102
  57  102
  63  102
  36  103
  37  103
  12  104
  25  104
  52  104
  10  105
  14  105
  30  105
  27  106
  32  106
   0  107
  24  107
  29  107
  11  108
  15  108
  17  108
  19  108
  28  108
  42  108
   1  109
   6  109
  20  109
  39  109
  63  109
   3  110
  23  110
  50  110
   7  111
   8  111
  49  111
  13  112
  28  112
  42  112
  57  112
   9  113
  10  113
  29  113
  33  113
  36  113
  51  113
   5  114
  16  114
  22  114
  26  114
  27  114
  40  114
   2  116
   4  116
  21  116
  43  116
  58  116
  25  117
  47  117
   7  118
  37  119
  38  119
  44  119
  46  119
   0  120
  14  120
  11  121
  33  121
  53  121
  20  122
  34  122
  35  122
   1  123
   3  123
  12  123
  24  123
  30  123
  39  123
  53  123
  34  124
  52  124
  60  124
   6  125
  10  125
  28  125
  42  125
  23  126
  59  126
  17  127
  29  127
  41  127
  47  127
  56  127
